2671706
0475290
                1289401
                1292566
                1473832
                1489889
                1608290
                1679335
                1700841
                1711525
                1860213
                1878870
                1985949
                2005151
                2277860
                2387499
                2709768
                2823054
                2869728
                2937696
                3110958
                3381008
                3470600
                3521164
                3553442
                3783958
                3874544
                4034354
                4048272
                4136084
                4139124
                4438848
                4501244
                4513674
                4624424
                4651520
                4698684
                4901306
                5247022
                5512872
2119532
                2543164
                3783958
                3315342
                3263904
                4034228
                3040964
                3741834
                2140479
                1179933
                1355644
                4550098
                2582782
                4975722
                2674426
                2005151
                4846340
                1860357
                3640424
                3553976
                2241351
                4052882
                2671706
                3774114
                5512872
                4172430
                3544112
                4513674
                0490215
                1619029
                4572514
                1878870
                1083452
                2025690
                1219827
                1972591
                4276820
                2381991
                3416532
                2547584
            1431045 
2975590
             1386697
             3498820
             3315342
             1211837
             2948356
             3748528
             3385516
             3110958
             4196776
             4425200
             3896198
             2404435
             3731562
             1860357
             4630562
             0803096
             2660888
             3640424
             3300542
             0918940
             2094766
             5700672
             1289401
             1628841
             3393786
             4172430
             4094724
             2025690
             4116284
             3381008
             1219827
             1972591
             2381991
             2034800
             2267968
             2869728
             3949660
             3410834
        2250912